0.0009312582416354385
0.0009238081757023549
0.0009312582416354385
0.0009312582416354385
0.0009312582416354385
0.0009312582416354385
0.000938708307568522
0.000938708307568522
0.000938708307568522
0.000938708307568522
0.000938708307568522
0.0009461583735016055
0.0009461583735016055
0.000983408703167023
0.000938708307568522
0.000938708307568522
0.000953608439434689
0.000938708307568522
0.000953608439434689
0.000953608439434689
0.000953608439434689
0.000953608439434689
0.000953608439434689
0.000953608439434689
0.0009610585053677725
0.0009610585053677725
0.0009610585053677725
0.0009610585053677725
0.0009610585053677725
0.000968508571300856
0.0009610585053677725
0.000968508571300856
0.0009610585053677725
0.000968508571300856
0.000968508571300856
0.0009759586372339395
0.0009610585053677725
0.0009610585053677725
0.0009759586372339395
0.0009759586372339395
0.0009759586372339395
0.0010430092306316912
0.000968508571300856
0.001013208966899357
0.0009759586372339395
0.0009759586372339395
0.0009759586372339395
0.0009759586372339395
0.0009908587691001066
0.000983408703167023
0.0009908587691001066
0.000983408703167023
0.000983408703167023
0.0009908587691001066
0.0009908587691001066
0.0010430092306316912
0.000983408703167023
0.00099830883503319
0.0009908587691001066
0.00099830883503319
0.0011398600877617767
0.0009908587691001066
0.00099830883503319
0.00099830883503319
0.00099830883503319
0.00099830883503319
0.00099830883503319
0.0010057589009662736
0.00099830883503319
0.001013208966899357
0.001013208966899357
0.001013208966899357
0.001013208966899357
0.001072809494364025
0.0010057589009662736
0.001013208966899357
0.0010057589009662736
0.0010057589009662736
0.0010206590328324405
0.001013208966899357
0.0010206590328324405
0.0010057589009662736
0.0010206590328324405
0.001013208966899357
0.0010206590328324405
0.0010206590328324405
0.0011249599558956097
0.0010206590328324405
0.0010206590328324405
0.0010206590328324405
0.0010206590328324405
0.0010206590328324405
0.0010206590328324405
0.0010206590328324405
0.0010206590328324405
0.0010355591646986075
0.0010281090987655241
0.0010281090987655241
0.0010355591646986075
0.0010355591646986075
0.0010281090987655241
0.0010206590328324405
0.0010281090987655241
0.0010355591646986075
0.0010430092306316912
0.0010355591646986075
0.0010430092306316912
0.0010355591646986075
0.0010355591646986075
0.0010430092306316912
0.0010355591646986075
0.0010355591646986075
0.0010355591646986075
0.0010430092306316912
0.0010355591646986075
0.0010430092306316912
0.0010355591646986075
0.0010504592965647746
0.0010355591646986075
0.0010504592965647746
0.001057909362497858
0.0010355591646986075
0.0010355591646986075
0.0010430092306316912
0.0010504592965647746
0.0010504592965647746
0.0010504592965647746
0.0010504592965647746
0.0010504592965647746
0.0010504592965647746
0.0010504592965647746
0.0010653594284309416
0.0011100598240294426
0.0010504592965647746
0.0010430092306316912
0.0010504592965647746
0.0010430092306316912
0.001057909362497858
0.0010504592965647746
0.001057909362497858
0.0010504592965647746
0.001057909362497858
0.001057909362497858
0.001057909362497858
0.001057909362497858
0.0010504592965647746
0.001057909362497858
0.0010653594284309416
0.0010653594284309416
0.001057909362497858
0.0010653594284309416
0.001057909362497858
0.0010504592965647746
0.0010653594284309416
0.001057909362497858
0.0010653594284309416
0.0010653594284309416
0.0010504592965647746
0.0010653594284309416
0.001057909362497858
0.0010504592965647746
0.0010504592965647746
0.001072809494364025
0.0017805657580069584
0.001132410021828693
0.001057909362497858
0.0010802595602971087
0.0010653594284309416
0.001057909362497858
0.001057909362497858
0.0010653594284309416
0.001072809494364025
0.001072809494364025
0.001057909362497858
0.0010653594284309416
0.0010653594284309416
0.001057909362497858
0.0010877096262301921
0.0010653594284309416
0.0010951596921632755
0.0011026097580963592
0.0010653594284309416
0.001057909362497858
0.0010653594284309416
0.0010653594284309416
0.0010653594284309416
0.001057909362497858
0.001057909362497858
0.0015868640437467871
0.0010877096262301921
0.0010653594284309416
0.0010653594284309416
0.0010653594284309416
0.001057909362497858
0.0010877096262301921
0.0010653594284309416
0.001057909362497858
0.001072809494364025
0.0010653594284309416
0.0010653594284309416
0.001057909362497858
0.0010653594284309416
0.0010653594284309416
0.001057909362497858
0.001057909362497858
0.001057909362497858
0.0010653594284309416
0.001057909362497858
0.001057909362497858
0.0010877096262301921
0.001057909362497858
0.001057909362497858
0.0011249599558956097
0.0010951596921632755
0.0010653594284309416
0.0010653594284309416
0.0010653594284309416
0.001057909362497858
0.001057909362497858
0.001057909362497858
0.0010504592965647746
0.0010653594284309416
0.001057909362497858
0.0010653594284309416
0.001057909362497858
0.0011026097580963592
0.001057909362497858
0.001057909362497858
0.001057909362497858
0.001057909362497858
0.0010653594284309416
0.001057909362497858
0.0015496137140813696
0.0010504592965647746
0.0010653594284309416
0.0010504592965647746
0.001057909362497858
0.0010504592965647746
0.0010430092306316912
0.0010504592965647746
0.001057909362497858
0.001057909362497858
0.0011249599558956097
0.0010504592965647746
0.001057909362497858
0.0010504592965647746
0.0010504592965647746
0.0010430092306316912
0.0010653594284309416
0.0010430092306316912
0.0010430092306316912
0.0010430092306316912
0.0010430092306316912
0.0010504592965647746
0.0010430092306316912
0.0010504592965647746
0.0010504592965647746
0.0010430092306316912
0.0010504592965647746
0.0010430092306316912
0.0010430092306316912
0.0010355591646986075
0.0010355591646986075
0.0010355591646986075
0.0010355591646986075
0.0010355591646986075
0.0010951596921632755
0.0010430092306316912
0.0010355591646986075
0.0010430092306316912
0.0010430092306316912
0.0010430092306316912
0.0010504592965647746
0.0010355591646986075
0.0010355591646986075
0.0010355591646986075
0.0010430092306316912
0.0010802595602971087
0.0010281090987655241
0.0010355591646986075
0.0010281090987655241
0.0010355591646986075
0.0010355591646986075
0.0010355591646986075
0.0010281090987655241
0.0010281090987655241
0.0010281090987655241
0.0010281090987655241
0.0010281090987655241
0.0010951596921632755
0.0010355591646986075
0.0010281090987655241
0.0010206590328324405
0.0010802595602971087
0.0010281090987655241
0.0010206590328324405
0.0010281090987655241
0.0010206590328324405
0.0010951596921632755
0.001013208966899357
0.001013208966899357
0.0010206590328324405
0.0010206590328324405
0.0010206590328324405
0.0010206590328324405
0.001013208966899357
0.001072809494364025
0.0010206590328324405
0.001013208966899357
0.001013208966899357
0.0010206590328324405
0.001013208966899357
0.001013208966899357
0.0010057589009662736
0.0016166643074791212
0.001013208966899357
0.001013208966899357
0.0011175098899625262
0.00099830883503319
0.001013208966899357
0.001013208966899357
0.00099830883503319
0.001013208966899357
0.0010057589009662736
0.0010057589009662736
0.0010057589009662736
0.00099830883503319
0.0010057589009662736
0.0010057589009662736
0.0010057589009662736
0.00099830883503319
0.00099830883503319
0.00099830883503319
0.0010057589009662736
0.00099830883503319
0.00099830883503319
0.00099830883503319
0.0009908587691001066
0.0009908587691001066
0.0009908587691001066
0.00099830883503319
0.00099830883503319
0.00099830883503319
0.00099830883503319
0.0010057589009662736
0.0009908587691001066
0.0009908587691001066
0.0009908587691001066
0.0009908587691001066
0.000983408703167023
0.001132410021828693
0.000983408703167023
0.0009908587691001066
0.000983408703167023
0.0009908587691001066
0.000983408703167023
0.0009759586372339395
0.000983408703167023
0.0009759586372339395
0.000983408703167023
0.000983408703167023
0.0009759586372339395
0.0009759586372339395
0.0009759586372339395
0.000983408703167023
0.0010206590328324405
0.000968508571300856
0.000968508571300856
0.000968508571300856
0.000968508571300856
0.0009759586372339395
0.000968508571300856
0.000968508571300856
0.0009759586372339395
0.0009759586372339395
0.0009610585053677725
0.0009759586372339395
0.0009610585053677725
0.0009610585053677725
0.000968508571300856
0.0009610585053677725
0.000968508571300856
0.000968508571300856
0.000968508571300856
0.0009610585053677725
0.0009610585053677725
0.000953608439434689
0.000968508571300856
0.000953608439434689
0.000968508571300856
0.000953608439434689
0.000968508571300856
0.000968508571300856
0.000953608439434689
0.0009610585053677725
0.000968508571300856
0.0009610585053677725
0.0009610585053677725
0.000953608439434689
0.000953608439434689
0.0009610585053677725
0.000953608439434689
0.0009908587691001066
0.0010281090987655241
0.0009461583735016055
0.000953608439434689
0.000983408703167023
0.000953608439434689
0.000953608439434689
0.000953608439434689
0.000953608439434689
0.0009461583735016055
0.000953608439434689
0.0009610585053677725
0.0009461583735016055
0.000968508571300856
0.000953608439434689
0.0009461583735016055
0.0009461583735016055
0.000953608439434689
0.0009461583735016055
0.0009461583735016055
0.0009461583735016055
0.0009461583735016055
0.000953608439434689
0.000938708307568522
0.0009461583735016055
0.0009461583735016055
0.0009461583735016055
0.000938708307568522
0.000938708307568522
0.0009461583735016055
0.000938708307568522
0.0009461583735016055
0.0009461583735016055
0.000938708307568522
0.0009461583735016055
0.0009461583735016055
0.000938708307568522
0.0009461583735016055
0.0009461583735016055
0.0009461583735016055
0.0009461583735016055
0.000983408703167023
0.0009461583735016055
0.0009461583735016055
0.0009461583735016055
0.000938708307568522
0.0009312582416354385
0.000938708307568522
0.000938708307568522
0.0009461583735016055
0.0010057589009662736
0.0009312582416354385
0.0009461583735016055
0.0009312582416354385
0.0009312582416354385
0.0009461583735016055
0.0009908587691001066
0.000938708307568522
0.0009312582416354385
0.000938708307568522
0.000938708307568522
0.000938708307568522
0.0009312582416354385
0.000938708307568522
0.0009312582416354385
0.0009312582416354385
0.00157196391188062
0.000938708307568522
0.000938708307568522
0.000938708307568522
0.0009312582416354385
0.0009312582416354385
0.0009461583735016055
0.0009312582416354385
0.0009312582416354385
0.0009312582416354385
0.000938708307568522
0.0009312582416354385
0.0009312582416354385
0.000938708307568522
0.000938708307568522
0.000938708307568522
0.000938708307568522
0.0009312582416354385
0.0009461583735016055
0.0009312582416354385
0.0009461583735016055
0.000938708307568522
0.000938708307568522
0.0009312582416354385
0.0009312582416354385
0.0009461583735016055
0.0009312582416354385
0.000938708307568522
0.0009461583735016055
0.0009461583735016055
0.00099830883503319
0.0009312582416354385
0.0009461583735016055
0.000938708307568522
0.000938708307568522
0.000938708307568522
0.000938708307568522
0.0009461583735016055
0.000938708307568522
0.000938708307568522
0.0009312582416354385
0.0009312582416354385
0.0009461583735016055
0.000938708307568522
0.000938708307568522
0.000938708307568522
0.001303761538289614
0.0009461583735016055
0.000938708307568522
0.000938708307568522
0.0009461583735016055
0.000938708307568522
0.0009461583735016055
0.0009312582416354385
0.0009461583735016055
0.000938708307568522
0.0009461583735016055
0.0009461583735016055
0.0009461583735016055
0.0009461583735016055
0.0009461583735016055
0.0009461583735016055
0.000938708307568522
0.0009461583735016055
0.000938708307568522
0.000938708307568522
0.0009461583735016055
0.000953608439434689
0.0009461583735016055
0.0009461583735016055
0.0009461583735016055
0.000938708307568522
0.000953608439434689
0.0009461583735016055
0.000938708307568522
0.000953608439434689
0.0010206590328324405
0.000953608439434689
0.0010206590328324405
0.0009461583735016055
0.0009461583735016055
0.0009461583735016055
0.000953608439434689
0.0009461583735016055
0.000953608439434689
0.000953608439434689
0.0009610585053677725
0.0010281090987655241
0.000953608439434689
0.000953608439434689
0.0009610585053677725
0.0009759586372339395
0.000953608439434689
0.000953608439434689
0.000953608439434689
0.0010206590328324405
0.000953608439434689
0.000953608439434689
0.0009610585053677725
0.0009610585053677725
0.0009610585053677725
0.0009610585053677725
0.000968508571300856
0.0009610585053677725
0.000968508571300856
0.000968508571300856
0.000968508571300856
0.0010281090987655241
0.000968508571300856
0.000968508571300856
0.000968508571300856
0.0009610585053677725
0.000968508571300856
0.0009759586372339395
0.0009610585053677725
0.0009610585053677725
0.0009610585053677725
0.000968508571300856
0.0009610585053677725
0.000968508571300856
0.0009759586372339395
0.000968508571300856
0.000968508571300856
0.000968508571300856
0.0009759586372339395
0.000968508571300856
0.0010355591646986075
0.000968508571300856
0.0009759586372339395
0.000968508571300856
0.0009759586372339395
0.0009759586372339395
0.0009908587691001066
0.0009759586372339395
0.0009759586372339395
0.0009759586372339395
0.000983408703167023
0.000983408703167023
0.000983408703167023
0.0009759586372339395
0.000983408703167023
0.0010355591646986075
0.0009908587691001066
0.000983408703167023
0.000983408703167023
0.0009908587691001066
0.0010430092306316912
0.0009759586372339395
0.0009908587691001066
0.0009908587691001066
0.000983408703167023
0.0009908587691001066
0.000983408703167023
0.0009908587691001066
0.0009908587691001066
0.000983408703167023
0.0009908587691001066
0.0009908587691001066
0.0009908587691001066
0.000983408703167023
0.0009908587691001066
0.00099830883503319
0.00099830883503319
0.0009908587691001066
0.0009908587691001066
0.0010057589009662736
0.0016390145052783717
0.0010057589009662736
0.0010057589009662736
0.0009908587691001066
0.00099830883503319
0.00099830883503319
0.00099830883503319
0.00099830883503319
0.0010430092306316912
0.00099830883503319
0.00099830883503319
0.0010057589009662736
0.0010057589009662736
0.00099830883503319
0.0010057589009662736
0.0010057589009662736
0.001013208966899357
0.0010057589009662736
0.0010057589009662736
0.0010057589009662736
0.00099830883503319
0.00099830883503319
0.0010057589009662736
0.001013208966899357
0.001013208966899357
0.001013208966899357
0.0010057589009662736
0.001013208966899357
0.001013208966899357
0.0010057589009662736
0.0010057589009662736
0.0010206590328324405
0.0010430092306316912
0.0010504592965647746
0.0010057589009662736
0.001013208966899357
0.0010206590328324405
0.0010057589009662736
0.001013208966899357
0.001013208966899357
0.0010206590328324405
0.0010653594284309416
0.0010206590328324405
0.0010206590328324405
0.0010206590328324405
0.0010206590328324405
0.0010504592965647746
0.001013208966899357
0.001013208966899357
0.0010206590328324405
0.001013208966899357
0.0010281090987655241
0.001013208966899357
0.0010206590328324405
0.0010206590328324405
0.0010281090987655241
0.0010281090987655241
0.0010206590328324405
0.0010206590328324405
0.0010206590328324405
0.0010206590328324405
0.0010281090987655241
0.0010206590328324405
0.0010206590328324405
0.001512363384415952
0.0010206590328324405
0.0010355591646986075
0.0010281090987655241
0.0010281090987655241
0.0010206590328324405
0.0010355591646986075
0.0010281090987655241
0.0010355591646986075
0.0010281090987655241
0.0010355591646986075
0.0010281090987655241
0.0010281090987655241
0.0010355591646986075
0.0010281090987655241
0.0010281090987655241
0.0010281090987655241
0.0010281090987655241
0.0010355591646986075
0.001072809494364025
0.0010281090987655241
0.0010281090987655241
0.0010355591646986075
0.001072809494364025
0.0010281090987655241
0.0010355591646986075
0.0010355591646986075
0.0010430092306316912
0.0010355591646986075
0.0010355591646986075
0.0010355591646986075
0.0011100598240294426
0.0010355591646986075
0.0010802595602971087
0.0010355591646986075
0.0010281090987655241
0.0010281090987655241
0.0010430092306316912
0.0010281090987655241
0.0010355591646986075
0.0010281090987655241
0.0010355591646986075
0.0010430092306316912
0.0010281090987655241
0.0010355591646986075
0.0010430092306316912
0.0010355591646986075
0.0011473101536948601
0.0011249599558956097
0.001057909362497858
0.0010281090987655241
0.0010281090987655241
0.0010355591646986075
0.0010281090987655241
0.0010281090987655241
0.0010355591646986075
0.0010281090987655241
0.0010430092306316912
0.0010430092306316912
0.0010653594284309416
0.0010355591646986075
0.0010355591646986075
0.0010355591646986075
0.0010281090987655241
0.0010355591646986075
0.001072809494364025
0.0010355591646986075
0.0010281090987655241
0.0010355591646986075
0.0010355591646986075
0.0010504592965647746
0.0010355591646986075
0.0010355591646986075
0.0010355591646986075
0.0010281090987655241
0.0010281090987655241
0.0010355591646986075
0.0010281090987655241
0.0010355591646986075
0.0010281090987655241
0.0010355591646986075
0.0010281090987655241
0.0010355591646986075
0.0010355591646986075
0.0010281090987655241
0.0010355591646986075
0.0010281090987655241
0.0010355591646986075
0.0010281090987655241
0.001057909362497858
0.0010355591646986075
0.0010281090987655241
0.0010281090987655241
0.0010355591646986075
0.0010281090987655241
0.0010281090987655241
0.0010281090987655241
0.0010877096262301921
0.0010281090987655241
0.0010281090987655241
0.0010206590328324405
0.0010281090987655241
0.0010355591646986075
0.0010206590328324405
0.0010281090987655241
0.0010206590328324405
0.0010504592965647746
0.0010206590328324405
0.0010281090987655241
0.001057909362497858
0.0010430092306316912
0.0010281090987655241
0.0010281090987655241
0.0010281090987655241
0.0010206590328324405
0.0010206590328324405
0.0010281090987655241
0.0010206590328324405
0.0010281090987655241
0.0010206590328324405
0.001013208966899357
0.0010206590328324405
0.0010206590328324405
0.0010057589009662736
0.001013208966899357
0.001013208966899357
0.0010206590328324405
0.001013208966899357
0.0010281090987655241
0.0010206590328324405
0.0010057589009662736
0.001013208966899357
0.001013208966899357
0.001013208966899357
0.001013208966899357
0.001013208966899357
0.001013208966899357
0.0010653594284309416
0.0010057589009662736
0.0010206590328324405
0.001013208966899357
0.0010057589009662736
0.0010057589009662736
0.00099830883503319
0.00099830883503319
0.0010057589009662736
0.0010057589009662736
0.0010057589009662736
0.00099830883503319
0.0010057589009662736
0.0009908587691001066
0.00099830883503319
0.00099830883503319
0.00099830883503319
0.00099830883503319
0.00099830883503319
0.00099830883503319
0.00099830883503319
0.0009908587691001066
0.00099830883503319
0.0009908587691001066
0.0010057589009662736
0.00099830883503319
0.00099830883503319
0.000983408703167023
0.00099830883503319
0.0010653594284309416
0.0009908587691001066
0.000983408703167023
0.0009759586372339395
0.0010355591646986075
0.0009908587691001066
0.000983408703167023
0.0009759586372339395
0.000983408703167023
0.000983408703167023
0.000983408703167023
0.000983408703167023
0.0009759586372339395
0.000983408703167023
0.0009759586372339395
0.0009759586372339395
0.0009759586372339395
0.0009759586372339395
0.000968508571300856
0.0009759586372339395
0.0009759586372339395
0.0009610585053677725
0.0009759586372339395
0.000968508571300856
0.000968508571300856
0.000968508571300856
0.0009610585053677725
0.000968508571300856
0.000968508571300856
0.000953608439434689
0.0009610585053677725
0.0009610585053677725
0.0010281090987655241
0.0009610585053677725
0.0009610585053677725
0.000953608439434689
0.0009610585053677725
0.000953608439434689
0.0009610585053677725
0.0009461583735016055
0.000953608439434689
0.0009461583735016055
0.0009908587691001066
0.000953608439434689
0.000953608439434689
0.0009461583735016055
0.000953608439434689
0.000938708307568522
0.0009461583735016055
0.000953608439434689
0.0009461583735016055
0.000938708307568522
0.000938708307568522
0.0009461583735016055
0.0009461583735016055
0.0009312582416354385
0.0009312582416354385
0.000938708307568522
0.000938708307568522
0.0009461583735016055
0.0009312582416354385
0.0009312582416354385
0.001013208966899357
0.0014453127910182004
0.0009238081757023549
0.000938708307568522
0.000938708307568522
0.0009238081757023549
0.0009312582416354385
0.0009312582416354385
0.0009238081757023549
0.0009163581097692715
0.0009312582416354385
0.0009312582416354385
0.0009238081757023549
0.0009238081757023549
0.000908908043836188
0.0009238081757023549
0.0009163581097692715
0.0009163581097692715
0.000908908043836188
0.0009163581097692715
0.000908908043836188
0.0009163581097692715
0.0009759586372339395
0.0009014579779031045
0.0009014579779031045
0.0009014579779031045
0.000908908043836188
0.0009014579779031045
0.0009014579779031045
0.000908908043836188
0.0009014579779031045
0.000908908043836188
0.0008940079119700209
0.0008940079119700209
0.000908908043836188
0.0009014579779031045
0.0008940079119700209
0.0008865578460369374
0.0009461583735016055
0.0008865578460369374
0.0008940079119700209
0.0008940079119700209
0.0008940079119700209
0.0008940079119700209
0.0008865578460369374
0.0008865578460369374
0.0008865578460369374
0.0008791077801038539
0.0008791077801038539
0.0009163581097692715
0.0008865578460369374
0.0008865578460369374
0.0008865578460369374
0.0008865578460369374
0.0008791077801038539
0.0008791077801038539
0.0008865578460369374
0.0008791077801038539
0.0008716577141707704
0.0008716577141707704
0.0008716577141707704
0.0008791077801038539
0.0008791077801038539
0.0008642076482376869
0.0008716577141707704
0.0008716577141707704
0.0008791077801038539
0.0008716577141707704
0.0008716577141707704
0.0008716577141707704
0.0008642076482376869
0.0008642076482376869
0.0008567575823046034
0.0008716577141707704
